(272, 188)
(272, 191)
(272, 194)
(272, 197)
(272, 200)
(272, 203)
(272, 206)
(272, 209)
(272, 212)
(272, 215)
(272, 218)
(272, 221)
(272, 224)
(272, 227)
(272, 230)
(272, 233)
(272, 236)
(273, 188)
(273, 191)
(273, 194)
(273, 197)
(273, 200)
(273, 203)
(273, 206)
(273, 209)
(273, 212)
(273, 215)
(273, 218)
(273, 221)
(273, 224)
(273, 227)
(273, 230)
(273, 233)
(273, 236)
(274, 188)
(274, 191)
(274, 194)
(274, 197)
(274, 200)
(274, 203)
(274, 206)
(274, 209)
(274, 212)
(274, 215)
(274, 218)
(274, 221)
(274, 224)
(274, 227)
(274, 230)
(274, 233)
(274, 236)
(275, 188)
(275, 191)
(275, 194)
(275, 197)
(275, 200)
(275, 203)
(275, 206)
(275, 209)
(275, 212)
(275, 215)
(275, 218)
(275, 221)
(275, 224)
(275, 227)
(275, 230)
(275, 233)
(275, 236)
(276, 188)
(276, 191)
(276, 194)
(276, 197)
(276, 200)
(276, 203)
(276, 206)
(276, 209)
(276, 212)
(276, 215)
(276, 218)
(276, 221)
(276, 224)
(276, 227)
(276, 230)
(276, 233)
(276, 236)
(277, 188)
(277, 191)
(277, 194)
(277, 197)
(277, 200)
(277, 203)
(277, 206)
(277, 209)
(277, 212)
(277, 215)
(277, 218)
(277, 221)
(277, 224)
(277, 227)
(277, 230)
(277, 233)
(277, 236)
(279, 188)
(279, 191)
(279, 194)
(279, 197)
(279, 200)
(279, 203)
(279, 206)
(279, 209)
(279, 212)
(279, 215)
(279, 218)
(279, 221)
(279, 224)
(279, 227)
(279, 230)
(279, 233)
(279, 236)
(280, 188)
(280, 191)
(280, 194)
(280, 197)
(280, 200)
(280, 203)
(280, 206)
(280, 209)
(280, 212)
(280, 215)
(280, 218)
(280, 221)
(280, 224)
(280, 227)
(280, 230)
(280, 233)
(280, 236)
(281, 188)
(281, 191)
(281, 194)
(281, 197)
(281, 200)
(281, 203)
(281, 206)
(281, 209)
(281, 212)
(281, 215)
(281, 218)
(281, 221)
(281, 224)
(281, 227)
(281, 230)
(281, 233)
(281, 236)
(282, 188)
(282, 191)
(282, 194)
(282, 197)
(282, 200)
(282, 203)
(282, 206)
(282, 209)
(282, 212)
(282, 215)
(282, 218)
(282, 221)
(282, 224)
(282, 227)
(282, 230)
(282, 233)
(282, 236)
(283, 188)
(283, 191)
(283, 194)
(283, 197)
(283, 200)
(283, 203)
(283, 206)
(283, 209)
(283, 212)
(283, 215)
(283, 218)
(283, 221)
(283, 224)
(283, 227)
(283, 230)
(283, 233)
(283, 236)
(284, 188)
(284, 191)
(284, 194)
(284, 197)
(284, 200)
(284, 203)
(284, 206)
(284, 209)
(284, 212)
(284, 215)
(284, 218)
(284, 221)
(284, 224)
(284, 227)
(284, 230)
(284, 233)
(284, 236)
(290, 188)
(290, 191)
(290, 194)
(290, 197)
(290, 200)
(290, 203)
(290, 206)
(290, 209)
(290, 212)
(290, 215)
(290, 218)
(290, 221)
(290, 224)
(290, 227)
(290, 230)
(290, 233)
(290, 236)
(291, 188)
(291, 191)
(291, 194)
(291, 197)
(291, 200)
(291, 203)
(291, 206)
(291, 209)
(291, 212)
(291, 215)
(291, 218)
(291, 221)
(291, 224)
(291, 227)
(291, 230)
(291, 233)
(291, 236)
(292, 188)
(292, 191)
(292, 194)
(292, 197)
(292, 200)
(292, 203)
(292, 206)
(292, 209)
(292, 212)
(292, 215)
(292, 218)
(292, 221)
(292, 224)
(292, 227)
(292, 230)
(292, 233)
(292, 236)
(293, 188)
(293, 191)
(293, 194)
(293, 197)
(293, 200)
(293, 203)
(293, 206)
(293, 209)
(293, 212)
(293, 215)
(293, 218)
(293, 221)
(293, 224)
(293, 227)
(293, 230)
(293, 233)
(293, 236)
(294, 188)
(294, 191)
(294, 194)
(294, 197)
(294, 200)
(294, 203)
(294, 206)
(294, 209)
(294, 212)
(294, 215)
(294, 218)
(294, 221)
(294, 224)
(294, 227)
(294, 230)
(294, 233)
(294, 236)
(295, 188)
(295, 191)
(295, 194)
(295, 197)
(295, 200)
(295, 203)
(295, 206)
(295, 209)
(295, 212)
(295, 215)
(295, 218)
(295, 221)
(295, 224)
(295, 227)
(295, 230)
(295, 233)
(295, 236)
(297, 188)
(297, 191)
(297, 194)
(297, 197)
(297, 200)
(297, 203)
(297, 206)
(297, 209)
(297, 212)
(297, 215)
(297, 218)
(297, 221)
(297, 224)
(297, 227)
(297, 230)
(297, 233)
(297, 236)
(298, 188)
(298, 191)
(298, 194)
(298, 197)
(298, 200)
(298, 203)
(298, 206)
(298, 209)
(298, 212)
(298, 215)
(298, 218)
(298, 221)
(298, 224)
(298, 227)
(298, 230)
(298, 233)
(298, 236)
(299, 188)
(299, 191)
(299, 194)
(299, 197)
(299, 200)
(299, 203)
(299, 206)
(299, 209)
(299, 212)
(299, 215)
(299, 218)
(299, 221)
(299, 224)
(299, 227)
(299, 230)
(299, 233)
(299, 236)
(300, 188)
(300, 191)
(300, 194)
(300, 197)
(300, 200)
(300, 203)
(300, 206)
(300, 209)
(300, 212)
(300, 215)
(300, 218)
(300, 221)
(300, 224)
(300, 227)
(300, 230)
(300, 233)
(300, 236)
(301, 188)
(301, 191)
(301, 194)
(301, 197)
(301, 200)
(301, 203)
(301, 206)
(301, 209)
(301, 212)
(301, 215)
(301, 218)
(301, 221)
(301, 224)
(301, 227)
(301, 230)
(301, 233)
(301, 236)
(302, 188)
(302, 191)
(302, 194)
(302, 197)
(302, 200)
(302, 203)
(302, 206)
(302, 209)
(302, 212)
(302, 215)
(302, 218)
(302, 221)
(302, 224)
(302, 227)
(302, 230)
(302, 233)
(302, 236)
